107463525
666979525
653218025
1171043525
1050491025
796530025
1570171525
17792025
30296025
1480511525
69801525
1094367525
1563701525
143791025
1040223525
350403525
1127882525
321441025
770744025
1891778025
713338025
1779454525
20074525
281196525
1270779025
1812830525
1039427525
37249025
1896703025
156754025
687310025
79830525
587054525
28982525
1087738525
763768525
2089102025
1158610525
583173525
2057017025
891484025
184453025
1079369525
11853525
808158025
13508525
1506991025
564888525
942120525
1113375025
894111525
273589025
1465577525
2094181025
12057025
65402525
1627494525
1066167025
1401142525
1151082525
384157025
934910525
1351478025
745036525
341122525
339673525
1316438525
240750025
1528454025
1354197025
1406355525
1891252525
87300525
433609025
457602525
754332525
1592134525
18705025
2138402025
47740025
654874025
1527716525
789977525
165222525
55276525
594168525
1121351025
417297525
1767809525
760077025
791355525
755481525
745689025
473329025
905513025
622831525
6306525
521219025
412914525
1480460025
1136231025
350516525
837461025
68781525
944038025
981263025
1915447525
140633525
592849025
1130107525
191342525
609905025
1335910525
82358025
530374525
487298025
142490525
279465025
2105980525
1259969525
513489525
823213025
1174689525
1258775025
352524025
255982525
803829525
1875465525
818078525
